2019-9-24-1-49,300,150,50,adagrad,0.05,0.005,50,mdep,0.869,0.8098,0.2493
2019-9-24-5-22,300,150,50,adagrad,0.05,0.005,25,mdep,0.8666,0.8056,0.2545
2019-9-24-3-35,300,150,50,adagrad,0.05,0.005,50,mdep,0.8663,0.8055,0.2536
2019-9-26-10-31,300,150,50,adagrad,0.05,0.005,50,mdep,0.8653,0.808,0.2561
2019-9-26-12-20,300,150,50,adagrad,0.05,0.005,50,mdep,0.8653,0.8096,0.259
2019-9-24-1-49,300,150,50,adagrad,0.05,0.005,50,alldep,0.8614,0.8007,0.264
2019-9-24-3-34,300,150,50,adagrad,0.05,0.005,50,alldep,0.8686,0.8124,0.2525
2019-9-26-11-12,300,150,50,adagrad,0.05,0.005,50,alldep,0.8634,0.8062,0.2638
2019-9-24-7-10,300,150,50,adagrad,0.05,0.005,25,alldep,0.8594,0.7994,0.2673
2019-9-26-14-49,300,150,50,adagrad,0.05,0.005,75,alldep,0.8533,0.7894,0.2834
2019-9-24-6-57,300,150,50,adagrad,0.05,0.005,50,rand,0.8641,0.804,0.2585
2019-9-24-8-41,300,150,50,adagrad,0.05,0.005,25,rand,0.8603,0.8022,0.2662
2019-9-24-10-19,300,150,50,adagrad,0.05,0.005,25,rand,0.8545,0.7918,0.2751
2019-9-23-20-36,300,150,50,adagrad,0.05,0.005,25,rand,0.8581,0.801,0.2708
2019-9-23-20-37,300,150,50,adagrad,0.05,0.005,25,rand,0.8566,0.7953,0.2748
2019-9-24-1-49,300,150,50,adagrad,0.05,0.0001,25,base,0.8703,0.8112,0.2465
2019-9-24-3-23,300,150,50,adagrad,0.05,0.0001,25,base,0.864,0.8045,0.2658
2019-9-24-4-58,300,150,50,adagrad,0.05,0.0001,25,base,0.8592,0.8041,0.2681
2019-9-24-6-36,300,150,50,adagrad,0.05,0.0001,25,base,0.8619,0.8009,0.2615
2019-9-22-8-25,300,150,50,adagrad,0.05,0.0001,25,base,0.8681,0.808,0.2524
